73.2
68.4
72.1
69.2
74.8
68.5
78.3
66.4
75
71.5
70.5
75.6
70
72.1
74.3
72.9
70.7
75.5
69.2
76.3
67.7
72.6
73.7
77.4
64
79.1
65.7
83.6
55.4
88.8
57.7
86.4
58.3
85.7
56
90.5
56.2
87.6
56.3
88.2
56.5
85.3
56.6
85.7
59.3
82.8
62.9
78.7
63.9
78.1
61
82
62.5
79.3
65.8
74.4
71.7
71.2
69.7
73.3
70.1
69.2
77.2
68.4
72.5
75.7
70
75.7
71.2
73.2
69.8
71.9
67.6
77.7
68.3
73.6
72
71.6
76.2
64.4
75.3
65.8
76.9
67
76.3
70.1
74
73.9
73
73.5
68.7
71
71.9
72.9
74.7
70.3
73.9
71.6
75.5
68.8
73
69.4
74.7
67.9
79.7
63.5
80
67.9
76.5
65.2
80.1
67.8
79.3
65.5
78.3
63.3
82.2
61
81.1
67.6
76.2
69.9
74.8
68.8
79.2
60.2
84.6
58.2
88.8
52.7
92.2
50
90.7
52.9
85
57.9
81.5
63.3
80.9
61.2
81.9
64.3
83.1
62.4
83.6
61
80.2
62.4
80.5
61.7
