59.4
60.6
57.8
57.8
59
59
60.3
58
52.9
56.4
55.9
56.2
60.8
58.3
62.7
61.9
61.3
58.4
58.1
57.9
58.1
60.2
59
60.5
59.4
56.1
54.8
56.8
57.4
57.5
57
56.2
56.4
58.4
55.1
51
51.2
52.8
54.7
53.1
57
54.8
59.5
59.4
60.3
61.3
62.7
61.5
59
60.9
55.5
54.9
58.4
59.3
57.3
53.6
55.1
53.3
53.2
51.9
55.4
54.3
55.3
55.6
54.3
57.5
58.1
57.4
56.7
57.5
54.4
57.5
58.3
58.7
57.4
59.4
61.5
61.6
60.5
56.3
61.4
60.3
60.4
58.8
59.3
53.4
58.8
58.3
55.7
62.7
66.1
61.9
58.8
55.8
61.7
60.7
56.7
60.9
60.6
62.4
58.3
58.7
58.7
57.7
53.5
58.3
61.1
59.9
59
53.6
58.6
57.3
57.1
54.8
52.4
55.3
54.6
57.7
55.1
53
56.2
56.5
57
54.9
58
62.6
59.2
59.7
56.6
54
57.4
57.6
55.1
59.3
55.4
54.9
53.3
52.7
53.1
55
58.2
56.5
55
56.7
56.2
57.8
56.9
59.5
59.3
57.2
61
58.7
58.6
59.1
59.6
60
57
57.5
57.3
59.4
56.3
55.5
56.6
59.9
57.1
54.7
57.9
56.5
56.2
56.8
61.1
61
61
59.1
56.3
58.3
55.5
56.1
56.7
59.3
60.6
61
59.6
61.8
63.4
60.4
60.2
56.9
59.5
56.9
55.2
55.5
52.7
54.9
58.2
59.9
61.3
57.9
59.5
58.3
58.1
56.4
55.5
56.1
55.6
54.3
52.6
55
57
56.4
56.9
55.5
54.9
53.7
55.3
56.1
55.2
55.2
58.4
58.6
58.8
59.4
59.8
61.9
63.1
63
61.3
60.2
59.3
57.9
57.8
60
56.8
59.6
60.4
57.5
57.6
57.9
61.8
59.6
58.9
56.6
55.8
54
53.2
59.3
59.7
62.7
60.3
60.7
60.4
61.3
62.4
58.9
57.2
58.8
57.3
59.3
57.5
56.5
56.8
57.3
55.5
61.8
60.2
60.8
57.2
55.2
57.8
57.1
55.9
55.2
57.1
60.6
61.6
61.5
57.5
57.4
61.8
62.1
57.9
55
56.8
55.4
58.8
56.2
59.6
55.9
55.1
57.7
59
54.3
54.5
53.9
54.5
57.7
58.1
59
61.2
62.2
57.2
53.6
53
56.1
55.8
58.8
57.8
61.6
59.4
59.1
57.7
55.9
55.6
57.4
58.3
56.9
58.3
58.6
57.5
52.4
56.4
55.8
57
55.5
57.3
59.2
59.6
59.3
59.7
59.7
57.4
59.9
57.7
53.1
55.8
55.6
57.5
56.1
61.2
58.6
56.3
57.5
58.2
55.3
60
56.7
58
55
53.5
50
54.5
52.8
55.4
54.8
57.6
58.4
59.6
57.3
55.1
57.1
55.9
58.3
56.9
56.6
57.3
56.3
52.4
52
54.4
55.2
56.8
55.7
56.6
60.2
61.9
59.5
62.3
58.5
54.4
53.1
51
56.3
56.4
57.9
56
55.8
56.3
56.6
56.9
59.3
56.4
58
60.3
64.2
63.6
61.5
58
54.2
54.7
56
53.1
53.3
59.7
59.6
55.8
55.8
58
56.2
50.2
53.4
52.7
54.9
56.1
58.8
58.3
58.5
59.5
63.2
58.6
58.6
57.1
59
58.7
60.1
61.3
60.3
61.1
58.8
55.8
58.4
59
59
55.6
55.5
56
59.2
57.4
57.8
55.3
58.6
61.1
59.4
58.3
56.5
60.6
61.8
61.3
61.6
57.5
59.6
60.1
60.7
64.7
59.9
62.3
62.8
59
57.9
57.6
59.1
57.4
54.1
54.4
55.1
57.2
60.6
59.3
59.4
59.9
58.3
59.2
57.9
62.1
60.5
59.7
57.4
58.6
57.9
56.2
58.9
59.9
57
56.3
57.5
53.6
53.2
56
56
55.6
54.2
57.4
53
52.1
54.3
53.4
53.4
53.8
56.8
55.1
51.7
