55.7
54.9
55.9
57.5
54.3
55.7
56.6
54.9
56.2
54.4
54.4
57.4
56.5
54.3
56.5
55.9
55
59.1
55.1
56.5
55
56.8
55.8
58.9
54.1
58.9
53.7
57.4
55.1
58
53.7
59.6
52.8
58.1
53.6
57.6
55.2
57.3
54.6
56.4
55.4
55.3
56.6
58
53.6
56.8
54.2
53.9
53.5
58.7
52.9
58.1
54.8
55.7
56.5
55.1
61.7
52.3
58.3
52.6
58.9
57.4
54.6
55.9
56.3
56
56.3
54.7
55.7
58.1
53.8
57.1
55.6
55.9
54
57.6
56.6
56.4
56.5
56.9
56.9
55.9
56.8
53.6
58.2
54
58.1
54
57.9
52
58.3
53.9
57.2
55.5
55.2
56.3
55.6
55.9
54.7
55.7
58
56.4
56
53.6
61.1
52.9
54.6
57.4
54.7
56.1
55.8
57.3
56.9
54.9
57.4
55.7
54.6
55.1
54.5
58.4
52.9
56.5
52.3
59.9
54.1
58
53.2
56
56.6
56.4
54.1
56
56.4
56
56.7
54.7
56.7
54
58.6
53.2
60.2
54.2
57.3
55.8
55.8
53.9
58.7
56
53.6
60
53.1
58.7
56.2
53.9
56.4
55.8
56.1
52.6
59.6
51
59.2
54.5
57.3
55.3
55.2
54.7
54
56.6
54.5
59.2
52.9
56.1
54.5
56.2
55.3
57.2
55.2
55.5
54.6
55.2
58.7
53.2
57.5
54.9
56.7
55.2
57.6
54.1
57.4
56.3
56.8
55.3
58.4
51.6
58.8
55.5
56.8
55.2
53.8
57.8
55.6
55.2
57.4
54.3
55.8
57.4
56.8
54.9
57.6
54.4
57.8
56.2
55.8
56.4
56.4
57.9
53.9
55.5
54.2
56.5
54.6
55.4
57.1
54.2
56.6
58
54.8
55.9
54
59.6
52.4
56.1
56
56.7
54.1
59.1
55.3
57.9
55.6
55.3
57.8
56.7
54.2
58.7
54.2
57.3
55.6
56.8
55.5
57
54.3
58.4
55.7
54.3
59.1
54.3
57.2
55.2
58.3
54
56.4
54.8
57.2
53.1
57
56.6
55
58.9
53.3
58.6
55
56.1
54.8
54.6
55.8
55.9
56.8
55.9
55.8
55.3
57.3
52.3
58.3
54
59.8
52.3
59.2
56.2
54
58.7
50
57.2
53.7
54.9
54.6
54.4
58
54.4
57.5
56.8
52.6
57.4
55.3
57.8
52.4
57.5
55.8
53.9
55.5
54.5
57.1
54.3
55
56
57.6
55.5
54.2
56.7
56.4
53.9
56.7
55.1
56.7
57
57.8
55.4
55.9
55
55.7
56.4
55.8
53.5
57.8
54.3
58
54.4
59.1
52.8
57
57.6
53.4
58.1
52.8
60
54.5
57.6
54
58.6
55.4
57.3
55.7
55.4
56.1
54.6
58.5
51.7
56.3
56.3
55.1
56.6
51.8
57.4
56.3
54.7
55.3
56.4
55.4
58.3
54.8
56.1
55.3
54.7
58.1
55.6
54.4
