64.1
59.3
63.1
59.9
63.5
61.5
61.6
59.6
64.1
63.1
57.2
63.9
57.7
63.6
62.6
58.3
64.3
60.2
61
59.7
59.3
64.3
60.7
63
63
59.7
61.2
63.9
61.4
61.5
63.7
63.1
59.3
67.2
54.9
66.1
55.1
65.5
60.5
61.6
59.4
67.5
56.2
65.4
64.8
59.7
65.5
58.7
65.8
60.8
57.1
66.1
56.6
65.2
60.9
61.6
60.8
63
58.8
66
59.9
62.5
64.2
59.5
59.9
63.6
59
65.3
59.5
64.5
56.8
63.1
60.1
69.8
56.6
69.8
56.5
66.3
55.1
69.2
55
66.7
57.4
64.9
57.4
68.3
58.2
67.5
54
65.9
58.1
67.9
53.6
71.9
57
66.9
57.5
65
59.4
66.9
56.4
63.4
62.9
61.9
63.4
57.6
63.7
60.2
64
59.8
58.5
62.2
60.7
64.8
60.4
58.9
62.6
60.9
62.8
62.5
61.3
58.4
67.5
56.1
65.9
56.2
64.2
58.4
67
56.7
67.7
59.9
59.7
62.3
61.1
61.4
60.1
67.3
57.9
65.2
61.7
63.2
61.5
63.9
58.2
64.9
57.7
61.7
60.7
67.2
53.2
69.4
55.4
67.2
59.2
63.6
60.6
60.2
64.3
60.5
62.6
60.6
63.2
64.8
63.3
58.9
65.4
54.8
68.4
58.6
66.9
56.1
67.3
55.2
66.4
58.7
62.3
57.6
64
58.7
67.2
57.3
61.2
63.6
64.1
59.9
61
61
65.9
60.1
61.2
60.8
62.4
64
58.4
61.6
64
60.3
65.1
63.7
61.5
61.3
65.3
60.4
59.3
60.1
59.9
57.5
60.4
66.3
55.2
68.5
57.6
62.2
55.7
62.8
60.1
60.6
68.1
54.7
68.3
55.8
65
62.2
60.7
63.9
54.4
71.1
55.5
62.2
59
64.3
58.9
66.6
58.8
65.2
56.1
64.4
58.2
64.9
61.3
59.2
59.9
63.3
60.4
63.3
62.6
62.7
59.3
64.7
58
68.3
55.2
64.5
57.5
64.1
62.4
62.1
61.8
61
61.6
62
59.5
65.4
63.5
64.6
61.2
58
61.8
60.3
60.4
60.3
62.4
60.2
65.1
59.7
61.7
59.7
66.2
61.5
64.9
53.1
64.6
64.9
58.4
62
63.6
67.9
53
72.6
50
67.6
53.6
72.7
57.8
67.1
55.7
66.1
57.2
67.8
55.2
67.9
52.5
69.7
57.5
63.9
62.5
62.8
59
67.6
56.5
67
59.3
63
63
62.6
58.9
64.7
63.6
58.5
66.2
60.4
59.8
60.8
65.5
54.9
64.2
58.9
66.4
56.9
60.2
66.3
58.9
67.8
57.2
63.6
54.4
69.2
56.4
64.7
60.4
64.2
63.9
59.3
65.6
56
63.8
62.2
62.9
57.2
65
60.4
55.4
69.8
51.5
70.9
54.7
67.2
60.5
64.3
62.6
63.9
58.9
67.1
56.1
63.4
60.5
67
56.9
64.6
62.8
62.1
63.5
57.5
65.1
